0 -161 -57 -151 0.5596104340014861 2.574487394312517 1.1749621910645236
1 -47 16 108 0.10590048245027393 1.9656554879841532 3.1649332355441877
2 132 197 191 6.160757227705336 2.2628433891735065 1.9227478301443226
3 -48 76 -88 1.830266143939531 3.4181225834204527 1.758927257581541
4 -162 -51 -215 0.3765161791492496 5.388509471702773 0.43833170232723967
5 99 31 127 4.122855546981618 1.5998033944500083 2.558165978881385
6 -118 118 217 4.422840230690314 5.928266409619023 2.7551439357515672
7 -242 -38 -74 0.2854001279532178 2.8190014306842386 4.2638168244139605
8 -149 165 -157 3.743098611337137 5.326028274918608 4.484866624535262
9 105 229 -72 1.1673534572194697 4.386596015199113 4.185107622969864
10 -115 -47 0 2.7320136340541894 1.4901442704701624 4.461256514501607
11 171 162 -16 0.7323484363955416 3.0203393931495217 0.4798543250689531
12 -120 9 214 5.6910269135332925 2.855820008005764 5.386371911645773
13 209 -235 5 2.43621556231687 4.896208754753253 1.6111416568365573
14 -20 217 105 1.068406854013009 3.989859792493206 5.82396778781589
15 -97 174 -30 1.2325409523879904 2.4775305403422574 2.7417406604825136
16 -176 232 -145 1.9793859860827814 1.8252760064600129 3.119374965766625
17 -99 49 -15 6.132811124795799 0.09874922200037752 2.20539805901866
18 -176 19 98 5.11866432978076 6.06433507263894 1.272137344880915
19 143 110 112 5.5096002423432076 3.979403244295368 1.705640180317135
20 195 146 -26 2.1820128143060256 0.8861015062373108 1.2920260746450605
21 -149 56 -158 4.647677396974864 3.331040999849658 2.4590879118021576
22 -148 75 225 2.5882979968522872 0.9351787856419942 1.29708883766521
23 -247 78 -238 2.8307301451163975 1.316870966568642 0.29298887137180807
24 166 -244 -227 4.928889824071566 5.004931488735481 3.9300953146653925
25 100 -23 67 0.7723908868898894 2.941601088161332 3.0982521548280366
26 185 216 -85 3.041366433811607 2.610849899088525 5.92264655813346
27 123 -140 -95 5.503993528580891 4.307965132404048 1.8274861467782513
28 -246 -68 -162 1.2507309116968848 0.6247810834735334 6.219003726375149
29 40 185 -40 0.7240562833124984 2.973532323964518 4.624861387829052
